image_00000 524 422 553 454
image_00001 520 418 554 455
image_00002 523 417 553 454
image_00003 527 422 556 455
image_00004 525 415 554 456
image_00005 526 412 558 455
image_00006 524 412 559 457
image_00007 524 410 558 447
image_00008 519 404 564 451
image_00009 519 406 564 455
image_00010 518 404 564 456
image_00011 517 403 568 460
image_00012 512 402 564 459
image_00013 508 402 564 463
image_00014 512 400 562 461
image_00015 520 397 565 460
image_00016 511 393 570 465
image_00017 513 391 569 458
image_00018 515 389 574 467
image_00019 517 388 587 468
image_00020 509 385 584 472
image_00021 516 387 588 471
image_00022 516 391 589 471
image_00023 512 386 596 472
image_00024 513 387 603 471
image_00025 512 387 604 471
image_00026 510 386 608 471
image_00027 535 389 603 470
image_00028 539 378 601 471
image_00029 535 383 600 470
image_00030 540 384 604 465
image_00031 539 385 600 474
image_00032 547 379 602 474
image_00033 544 377 604 476
image_00034 547 378 601 479
image_00035 549 379 603 477
image_00036 549 380 601 476
image_00037 547 381 602 477
image_00038 546 380 602 479
image_00039 545 386 619 478
image_00040 551 384 616 480
image_00041 544 376 619 476
image_00042 546 384 620 480
image_00043 545 386 619 479
image_00044 563 373 620 435
image_00045 564 377 621 427
image_00046 566 374 621 430
image_00047 563 371 622 427
image_00048 568 372 619 420
image_00049 571 373 621 417
image_00050 584 372 619 420
image_00051 578 371 618 415
image_00052 578 371 615 416
image_00053 578 373 618 412
image_00054 579 370 619 412
image_00055 577 367 621 419
image_00056 586 376 617 411
image_00057 591 378 611 404
image_00058 592 378 610 401
image_00059 591 376 608 402
image_00060 593 378 603 399
image_00061 591 380 604 397
image_00062 590 378 598 393
image_00063 589 379 598 394
